1111111111111111111111111111111011111111111111111111111111111111
0000000000000000000000000000000101000000000000000000000010110000
1110011101011100110111011110100100101010101000001000000101000000
0011000100100000101101101111001111100001010110111100110000001100
1100100010001100110011001100001010011001100001110001000000000111
1001100011101101001010100111101011111100010110010111011011001010
0101010011011111000001001011001101000010000111001011101001101100
0110011010100001000010011000010000000111010111000110001101010001
1010111000111100100111101111010011111111101111100000010111110000
0101000111000011011000010000101100000000010000011111101000001111
0101000111001011011000010010101100000000110000011111101000111111
1111001101001000011110010100001000100000011100011101110111000110
1101010011010111111001011000110100110010011010010110001011000100
0111111111111100010100011011111010001000100001101011001000101110
1100101011110001011011000110111000011001110000100011000111011111
1101000010100010101000001001110111000010010100011101101110001101
1111111111111111111111111111111111111111111111111111111111111111
1000001000001000000000000000000000000000100000000000000000110000
0111010110100100110111101110011011111011011010111001010111001100
0010100001010101001001011011100001000100000101000110001011000010
0010010011101100011100011100101100101111011110111000100010000110
0110110011010110100100000111000001100000111100110010011000110011
1110000110000011111101101110110011001000111110000011001011100000
0011010011000001010000101111000100100110000011100100111100110011
0010001010001100000001011110101001101010101010000000000010110000
1101110101110011111110100001010110010101010101111111111101001111
1101010101110011111110100000000110010101010101111111111101001111
1001111101111110101110100111010011000101000110111010011101110100
1111100001111100111111111001110100001001110010110011011011001111
0100110111111100001110010011010011100100110100111110100010111111
1001101100000110111011001110001110110110001101000011100000100000
1101111011101111000101101110110100110100010101111011111001011010
1111111111111111111111111111111011111111111111111110111111111111
0000000000001000000000001000000101000000000000000001010010010000
1011011001010100100111110110001100101011111110010001000101100000
1100101100100100110111000110110010010000001010101101000000110110
0100000110111011101001011100110110101111100011001010101100100000
1100110111010010001110011100000111011010000011001111101111001111
0010000111011100011000110011010101011101001110101100101110101100
1111100000000000001111100101010011010100010001001000000111110001
1011011111111110110011111110111011110110101110111011000111111010
0100100000000001001100000001000100001001010001000100111000000101
0100101000001101001100000011000100001001010011100100111000110101
1110111001100001101101010101001001101011111000000100011010001101
0100000000100101000110000110000010101111100101010010011010010111
0000011010110001001001101001100101001101000000111000111101010101
1011010100001010000010100010100001111011000011010000000010001110
0011001000000110110010111101111101100100101101011010100011111101
1111111111111111111111111110111111111111101111111111111111111111
0000000000000000000000001101000001000000010000000000000000000000
1010001100110100100011000011000000101010110010100000010110110000
1100011011001010011101110011101010110001011101011110001010111100
0111000000101101100100110000101010001110111101010001010001100011
1110101001011001101111101111000000001011011011011110011111111010
0100110111011000100001110111011000101101100001000101101000001011
1110011000011101101010010111110111110010101110011001100100110000
1111111010111111111111111110111011111111101110111011011111111110
0000000101000000000000000001000100000000010001000100100000000001
1010001101001100000000000111000100000000110001000100100000110001
0001010101101000101001111101001101100000111110000100111010110101
1100011111000001000111001000110001010111010011100000000111000010
0101001110011111110100000101011101010011011011111011001101110111
0110011100100100001010100010111100101111001000011100010000000001
1110101011000011101111110000111011111001000101101011000110101111
1111011011111100110111111110101011101001101110101001110011110100
0000100100000011001000000001010100010110010001010110001100001011
0010101100001011001001000011010100010110010001010110001110101011
0000110100101011000000010101010000011110011001010110011100001010
0100000110000100011100100001011100010111101001000100001100011011
0111110100011100111110011111000101110111110100111111001111101001
0101000100101001100001001110101101110111100110111001000011101000
0111001001001110110110010001000001011100011110110111011111010000
1111011010101100110101001110010011101010111000011010010111110100
0000100101010011001010110001101100010101000111100101101000001011
1000100101011011001010110011101100010101000111100101101000101011
0010101100110101001010111101101100001101100111110001101011011010
1011100100111010000101110001011011101010011001011101011010000010
1011101101110111110101001100111101010110001100101100000010011111
1101111001100000100010110011111101110001000001111100101111111011
0010101111110001101011000000100010110001011010001000101110000110
1111111111111101111111111111111011111111111110111010011111110111
0000000000000010000000000000000100000000000001000101100000001000
1010011000101110100011001110000101101010101111000101110010111100
1101011001001110001100110000101100010100110001110001100111101000
1111000111001011011000001011010011010011000001100110111101011110
0000100011001011111101101101011001111000101011101110001000111000
1110100001110001111110101111111101100111001101011101101010001111
0111000101011100000001010100111110100011100100010010010101100010
1111111111111110111111111111111011111111111111111111111111111111
0000000000000001000000000100000100000000000000000000000010100000
1110011101001101110111011010000111101011100000010000000001010000
0010101000111101000000100000101101110000101110101011010100000010
1100010010111001001111001010110110001100010001101100001001010101
0111100110111010011010001010010000011100001010100101010111100011
1111111011001011100011111011100000011110011100000110000010000010
1110000000111001011111001001110001011101111001110001011010000000
1110011100101100010111101100000011110010110010101000000111111010
0001100011010011101000010011111100001101001101010111111000000101
0001100011010011101000010011111000001101001101010111111010000100
0010010011011001101000010010010100101101001101110001010000100001
0011111011000001000001000011111001000011000101000100010000010001
1111000011100110110011000101110010000010111000000110010100101001
1001100111000111000100101011010011111001001010000010101111010010
0000101000110001101001110011111011010011110111011001001011111101
1111111111111111111111111110111011111111111111111111111111111111
0000000000001000000001000001000100000000000000000000000000110000
1110011000000100000110111111000101101011101000010000010011000000
0001001111111100101000000111110110010100110010101110101010000100
1011101111110011110000100001100110010101001110110011010100000001
0100000010000100100100011001011000000010001011001001111111001100
0010101000110100011110000001101000011001000011110010011110110011
1111000101010001110010111000100111111001100011100011010000000010
1110011101011100111111111111100011100111111110111001010110110010
0001100010100011000000000000011100011000000001000110101001001101
0001100010101011100000101000011101011000000001000110101011101101
1011110010100111001101010110011000011000100011000110101011011001
1100101010100110010010010110000111111010110001000000111111000100
0000001100111001000110100001111010111010111100100110001100110110
0000000111110000000001101110011110111000111011100010111010011100
1101111110000111011000101001111110110111000011100001101011110001
1111011110001100110111111110001011001011101110111000110110110100
0000100001110011001000000001110100110100010001000111001001001011
0000100001110011001000000001110100110100010001000111001001101011
1001000001111101101001011111110001111100010010000110001111011001
1010111001101011000101000101100001110110101011101101011011011110
1001111001101110000111110010000000000000011000001111010110011000
0110010101001101110000001011010010011011011100000001001101101000
1100001110101000010001001010111101100110000101101011001111011110
1011111000011100111101011110101011111011101110110001010111110100
0100000111100011000010100001010100000100010001001110101000001011
0100000111101111000010100001010100000100010011001110101000011011
1100011111100011100111101001010101000110110000001010101011100011
1100000111000000000010111110010000000001011100011000000010011001
0101101101001011110010100010101011101100100100100110110111111110
0011010010011000111010111100001110111011001011101000111000100000
1110001110001001110111100111000010111000101101100011100010111101
1000000100001100100001001010000001001000001000110000000000110100
0111111011110011011110110101111110110111110111001111111111001011
0111111011110001010110110101111110110111110111001011111111001011
0111111010011111011111110110100010110111100110001101111111010010
1101011001100000111110101100001101110000010011000000110000111000
0110101000100111101100111110011011010110010101100111100111111001
1110011101101001101110001111101001110110111011110101010111010111
0101000011011011000010100011001111100100111010011101100011001111
1111111111111100111111111111111011111111111111110111111111110111
0000000000000011000000000000000100000000000000001000000000011000
1010011000001111000011001110000100110010101010011000010111101000
1000001101011011100100110000111111001100000100101100000000101110
1100101110110010100101110000000000000001111001101001011010001010
1111110011111111111001001110011111010001110011101000100000011000
1011001101001000100010110010110011001001110100010010001000101111
0100010111010101100101000000111011011110011100010100011011011111
1111111111111111111111111111111011111111111110111111111111111101
0000000000001000000000000000000100000000000001000000000010000010
1110011010100100110111011110000101101011111011100000000001110010
0010001101000001000001100100110110010100100101011101010100100110
0001001101010100001000101111001110011010101001011010000100010010
1010100011010110000011011001111011101011100001111110111111011111
1011010010111011111110010001000110000101000101001101001110100100
1010101100011001010010100000110000100010011000111001111001100010
1110111111111101111111111111100011111011111110111001111111110110
0001000000000010000000000000011100000100000001000110000000001001
0011011000001010000001001000011100000100001001000110000010001001
0001000010001110110110010100011101011111100011110111000000111001
1101010111010100001001100010101011100010110101000110011111111000
1001010101001110111110100110010011111101110110001010110100100111
0111100101100001001000010110110000101101000001100100010100101010
0010001010011110000010110111001100001111100011010100100111111000
1111111111111111111111111111111111111111111111111111011111111111
0010001000101000000000000110000000100000100000000000100010110000
1100010111010100100011101000111001011011001110111000110101000110
1001110000000101011111011001100011001101010001001111111101001000
0101100111011001111110011000000011000110010001100011101010011011
1111101100010100101101011111011000000110111111001100101000110100
1101101100001111010101010101101010010000001010100110100001011100
1101100010111110101110110110000010001111010101100000000111000100
1111111111111100110111111111111011111111111111011001111111111110
0000010000000011001000000000000100000000000000100110000000000001
0010001000001111101100001010000101000000100000100110000010100001
1100000101001001001011110100001000101010011010110111010111010011
1001001011100111110011001110000111011100010101111110010010011010
1100001011101110111111101011001110111010001110110101111001100001
0110011010101111111011111100101011010011011111001101010111111001
1111011000101101111101010010010010011110110101110011000110100101
1111011111111111111111111111111011111111111110111110111111111110
0000100000000000000000000100000101000000001001000001000010000001
1010111010101101110001011010100100100010100011110011010100110011
1011101100111100001111101010011110101011110101101101000001111101
0110101111011110001111100001000110011101010011001101011000111101
0000100101010111001111110101001000000001100101111101000001110001
0110001100111010111100000011101000100000011110001100111000011101
0100110001001011011110010010011000001011101010000001001010100011
1111111111111110111111111111111011111111111111110010011111111110
0000000000000001000000000000000100000000000000001101100000000001
0010000000001101100001001100000101000010101110001101100110110001
1000011101010001011110110111101110111001000000111101101001001101
0100011011001000000010000010000011011100100000100100110010100010
1101100101011011001000111010010010111010001000101110010010100100
1110011010111010100011001001000010010010101001101001010111010001
1110010010100110011100001101101011000001010000010001011111001000
1111111111111111111111111110111011111111111111111010111111110110
0000000000001000000000000001000100000000000000000101000000001001
1000001000000100100101101011000101011010101000000101010011111101
0111010000110000000011010101011110100100010010000101010000011001
0100010100010010101000001011000100001001000110100100001010101100
1110100111010000011011010101000000011110000001011101100110100000
1111001000101011111011100001100100010101010111010000001100010000
1110101000111000010000011001111000110011100110111010101100010100
1111011100101101110111001110100011111011101110101000100111111000
0000100011010010001000110001011100000100010001010111011000000111
0000100011011010001000110001001000000100010001010111011000100111
0010110111100110011101111111011101100100010000010011010011010110
0101111011010000100101110100011111000001011011001101010110001011
1011100010000000001110111011010111111001111111010100011110110110
1000111011100010110000111010010101011000010001011001001111011101
1000111000010010011010101011110000001111100011100011001110111011
1111011011111100111011111111001011100111111111101000011111111110
0000100100000011000100000000110100011000000000010111100000000001
0000100100001011000100000010110100011000000000010111100000010001
0000110100001111110110001000111101011110000110000001100010100000
1000101100000011000011010110111010001010110000110101100100000001
1111100101100111000100000101110010011010111010000100000101011110
1110111100001111010111110000110000010000110000011100110101110000
0000100010000111101101101011000111101011010001101111101111011100
1110011111111101110111101110110011111010100101111001010111110100
0001100000000010001000010001001100000101011010000110101000001011
0001101000000110001000010001001100000101011010000110101000101011
1111110000001000111011011111001001001111111010010010101011011110
1110010100111110010101011010101110001111111111000100111010110011
0001100110001000000000000101001110110111001110011110011010101100
1101101110110101010110000000001011101101001011010111000100110100
0010100011011011000010111010000111101010101101000101000110011110
1110111111111101111111111111101011111111111111111011111111111101
0001000000000010000000000000010100000000000000000100000000000010
0111011001001110110011000110010101100010100000000100000011110010
1011001000111000000100111000011101001100100010111100100110100110
0101100111101100000000100001110110010011000101110000010000000010
1011001110001000111101101010101110001100011101111110010000010011
1100111001010111000111000100110010011001011000000101000111010101
0110011110011000001100010101010001011101111000100011000110101101
1111011111111101111111111110010011111111111110111011011111111110
0000100000000010000000000001101100000000000001000100100000000001
1100101010001110000001001101101100100010100001000100100000110001
1011110000100000010100000010101111001100001011110101100111101001
0110101100001010101010011111111111010000100111101100101010100011
0010101101101110000010110001100010011011101000101110011010111111
0001001110110010110001111101101110101001101011010100110010011001
1011010101100111100001100101101010101111101111010100111011100101
1011011100101100100111011110011001111011101010101000000011110110
0100100011010011011000100001100110000100010101010111111100001001
0100100011011011011000100001100110000100110101010011111100011001
1110101011110101011000000111100111100110011110010101111111101000
1111001011011010110011100010101001101010010100111110010111100101
0100100000001001101100111110001110001100010111000111110000000011
0001111111000011111101000111011000001101101000000111111000111001
0100001100001001110100000110001100011111111010111001001011001010
1110000000001100100111010100001001000011100100000000010011110000
0001111111110011011000101011110110111100011011111111101100001111
0001111111110011011000101011010010111100001010101011101100001111
0000011110111001011010001010101110100000011011111110100110100101
0000101001011010010000101111110110111100010101110101001100000000
1001110101000100000111111110010111111110100110110110101001001001
0011110111010001101010001110100010000111000011001011111000101111
1101011110000111001101100010110001100000101000110100100111100111
1110111111111101111111111111111011111111111111111101111111111110
0011000000000010000000000000000100000000000000000010000010000001
0001011101011110110011001110000101100110100110100010000100110011
1001110000101010000110110110111111111001010001010010001001100101
0101001001100110111101110010001010001011101000010111110111111001
0011010110011001000100000011111010000011100000110111111110000000
0101110011011000001111110110010100111101100110101010001001011000
0011011000010110001000001001111111000110001010001100001000011001
1110111111111101110111111111111011111111111111111001011111111011
0001000000000010001000000000000100000000000000000110100000000100
1011001000101110101001001110000101101010000010101110100110110100
0101001110010010011110000010100111100001111100000110100011101110
0111110101111010000110111101101110011001100000010111111000010100
0000011100111001011010001100001000000100001001011010111010101110
0011011010111111011111001001100000111010110011110110101010101110
1100110100110110010011111011101010110100011100000010010111010000
1110011111011111111111111110101011111111101110101001111011110010
0001100000100000000000000001010100000000010001010110000100001101
0001110100101100000010000101010001000010010101010110000110111101
1011100000010000110001011011011101100000110011110100001100001101
1100100000101100001111010010011011000100110000111110010111001011
1101111111110010101101001101101100111111111000010010010100001101
0111101001010001111010110111000101101011001010110011110101000101
1001001110010111001111010110101011001001100001111100010000101001
1111111111111111111111111111111111111111111111111111111111111111
1000000000001100100001000110000001000000101000000000000010110000
0111011111110010011110111001100010111010010110111010011101001110
0011111000101001000110011000011010101111000011110101000101110001
0110101101010000011000100011111101110111000111001101111001101000
1001111100101110001110110010111100010111000001001111110001100101
1110100000001000000100010001100000100110111101010000110010000010
0111010011000010001010000001100011001001111101001011100011100011
1111111111111101110111111111111011111111111111111011110111111111
0000000000001010001000000000000100000000000000000100001000000000
0000011100000110111111011010001101100011100110000100001010110000
1110110011000110101000101110000001001100011010100100111111011000
1110000000100101101101000110011010011010001000101001011000110011
1010001100000000001111101110110000111111111110010101110110100110
1111111100011010001011111001011100111011011101011010110110010010
1001111111001011000101101000101101011111110101001100111101100000
1111011111111110111111011111101011111111101110111001111111111111
0000100000000001000000100000010100000000010001000110000000000000
1000111010001101000110101110010101000000110011000110000110110010
0111101101101000100001111000111100111011011101000110011000101000
0111000000000101111011100100100110101110111010000000000001000101
0000111000100001100110011100011011101011010001101110111001010000
0111100001010110110001100111010000101011110110011011001011100100
1000010110010100110001001010000010100011011100100100001001001010
1111111111111111111111111111111111111111111111111111111111111111
0000001000001100000000001110000001000001000000000000000000110000
1011010111110001110111110000101010101010101110011100011111000010
1110010100100010101111000100100000111100111011110010110110011101
1111100110001010001011001101100101011110110011100001111111101100
0110000010110000110100111011011011000110011100010101101110001100
1010011000011000001001110001011010100010101000101101011110110101
0110011001011111000010111111110001010110100101001111010011000001
1110011111111111111111111110111011111111111110111010011111111110
0001100000000000000000000001000100000000000001000101100000000001
0101101000001100000011001111000101101011000001000101100010110001
1011110100110000100100011101001011000000111111100101111000000001
0010100110001100101001100010101010000010101011001100000101001110
0000000101011011100101110100000101011101110110100001000111101011
0010100011000011101010000100100111000010101110100001111110000101
0000000111001001101000101000110111111000100011101111101010010101
1111111111111111111111111111111111111111111111111111111111111111
0010000000001100000001001000000000100000100000000000000010110000
1100011111100000111110110111100011011111011110111010010101001000
1001011001011001000010010110001001000010001101100100101000000101
1000101110010010110100100111110010001010011011010101111110111010
1111100010111100001100100001111100000001010001001000110100111101
0111111011101011001100110100111010101101100010010011110001001111
0110100101011011101101101110001111000000001100001011111101001101
1111111111111111111111111111101011111111101110111010111111111111
0000000000000000000000000000010100000000010001000101000000000000
0010011101011100100111001110010111101010110001000101000011110000
1110000000100000010001110000111100010001111111110101000110110000
0111000100001100000110000100011001100111000001011101111011001110
1000000010101110001000101100010101111001010111010010110101111010
1000101111011101011001000111011111011011100110000011101110010000
0100001110111011100111101110000000010000010001101100101011100101
1011011000101101110111011110010000110010111110100000010111110100
0100100111010010001000100001101111001101000001011111101000001011
0100100111010010001000100001101111001101000001011111101000001011
1110111111011010001001100101101011001101100001001110001010111010
1100010110011110001010101011000011101111111111011101010100111100
0000101111101100111100110010111011011110110011110100100000011111
0101100010000001010001110110111110111011100100011100111111010100
0111001001000101000100000110011110001100101010000001010000011111
1111111111111100111111111110111011111111111111111101111111111110
0000000000000011000000000001000100000000000000000010000000000001
0000001100011011000001000111000101100000000000000010000110110001
0010110001101001100010101101100000001011100110101010010011010000
1111000010000101110110011001101110001011101001001000001111100111
0000100011110010010010101111110011011110101010011101100111011011
0100010101000110111111001001110100011111011010110111110100001010
0110101000110010011110001001101011100100010001101110001011000001
1111111111111110111111111111111011111111111110101001111111111110
0000000000000001000000000000000100000000000001010110000000000001
0110011000001001100111001110000101101010100001010110000011110001
1001000101101101100000010010101010010001011111010110000110001111
0110000101011100011011011100011101110001100111001010011101010001
1011100110111111001010101000011100000011111111111011110110010000
0011101001110101010101110100001101101010000001101011011010111000
1111011100001111100101000110110110011100101001110111111011010010
1111111111111110111111111111111111111111111110111111111111111111
0000001000001001000000000000000000000000100001000000000010100000
1110010001110101111011101111100001111110000011110000001101010010
1010100110100101000100011100011011100011011011011000010000010000
0001010110001000110101110110001110101000011101000110010110110011
1011110011000111001011010000110111000110010011011100010101101111
1100000011000001000100000000100010000110001001110011001111001100
0001100000000000100001010011011110110111000011111000111100101000
1111011111101101110111011111011011111111101110111001010110111110
0000100000010010001000100000100100000000010001000110101001000001
0010111000011110001000101010100100000000110001000110101001000001
1100100010011100101111100100100001101010011011100110101011110001
0110001101110010011011010010100100000110011011100001010010111000
1110110111110011100011011110111001010110010101001111100001110000
1001111001111000000010100011000111110100011101111010110010110110
0110101111001010010000001100010010010011101111001100010101011000
1110011111111110111111111111111011111111111110111000011111111110
0001100000000001000000000000000100000000100001000111100000000001
1011111000001101000010000010000101100000000011100111100010110001
0001001100000001100101000100001000010010001100001111100001010011
1100000101001100111100111110011010100110010001010010100100000101
0001100110011111011011101000011101001110001101010001000111100101
0101000101100010011111110001100101100010001110010101010101000001
0100110100111000100110001111001110001111110110101101111001000101
1111111111111111111111111111111111111111111111111111111111111111
0010000001001000000001000110000001100010000000100000000010110000
1001011110110100111010111000101010011101101110000001111001001110
1100101100010111000110011001001010000010101111011110100100100011
0100101000111101110111000110111110011101110000111001010110010011
1101110110011101111110011000110110011100101001010010000111011001
0111111010001010000010001100010101000110011110010110011111000001
1100011101000100101010100011010100100010000111110011101111110100
1110010001011100111011011110011001010011100100100000010010110100
0001101110100011000100100001100110101100011011011111101101001011
0001101110101011000100110001100010101100011011011111001101001011
0111111110000101110110101101101100101100011010001001101111001010
0011111101101001000110000001100111001000100011111111111000110000
1101011110110100100001000000010010000100101111011011001110010101
1011011100101011100001000010100101010111011111111010001111101111
1111000101101100100001000101100101001101100101010001110000001010
1111111111111111111111111111111011111111111111111101111111111111
0000000000000000000000000100000100000000000000000010000010000000
1010011000001000100011010010100101101011100010100010001100110000
0100001111111100000000100000011010000000011100001010010101001010
0011010110000100011111001110011101010010011010100110000101000100
1110011110111000100110101010000101101110100101111101100000111010
0011001010001000010110010000101101000111000110001110101011011000
1110100110010111001000000110111111100110100010000100111110110110
1110010001001100100011001110000001010011101000100000010010110010
0001101110110011011100110001111110101100010111011111101101001101
0001101110110011011100110001111010101100010111011111101101001101
0001101010111001011101110011011110101100010111010110010110001100
1010011101101010011010011100111010111110011101000001101101110000
1000101101001011101111111011000001101001101110100101101001111000
0110011111011101001101110101011100100011001010000101001101000110
1110010000011001000010110100001111010110011111001100100111100111
1110111111111111111111111111111011111111111111111111011111111110
0001000000000000000000000000000100000000000000000000100000000001
1111011101111100000011000110000111110010101100100000101010110011
0001000010001000111010011100010100001111100000010100110101001001
1011011000001101111000101110101011111100111000110010100100001101
0011111111110111010111101011110101100111000010000001000110111111
0111010100001111101100100101111110011001111011001010001111100101
0001001100101010001001110011101010101010010100111010101110111101
1111111111111111111111111111111011111111111111111111111111111110
0010000000001100000000000000000100000000000000000000000000110001
1100011100000000110111111110000111101010101010000000000111000001
0001000001111001100111001011101101010101110111111001011011000001
0000111110110110011000011101110101100011000101111010000000101001
1100110001010110001110010111100101000010111101111000110010000111
1111010111101011111001111001000100000110010100110010010010110111
1100111100001100001100001100001101000011000111110100101000001011
1111011111111101111111011110001011101011101110111100000010110100
0000100000000010000000100001110100010100010001000011111101001011
0000100000001010000000101001110101010100010001000011111111001011
0001100000000000110010010111100000010100011001001001111101111011
0110110101011101100111101100110110110101101000000011011101001010
1001011101010110111000110101100110000110010010100010000101110011
1011110101001011000110001000011001010000111010000101001101011000
0100001000001011111010010010001000100101110010100011001101111011
1111111111111111111111111111111111111111111111111111111111111111
0000001000001000000001000000000000000000000000000000000000000000
1110010111110100101110111110010001101111101110100000011110111010
1001100000001000010000001110101010010011111000010101100011110100
0011010000000011001000101000001010110111110011111110000111011000
0000110000110111110001010011011011111100101111001101001110100010
1101101101100010111010110101001000111011111111110001101010001101
1111111011001001010010010100100111110010000111000111011001001110
1111111111111111111111111111111011111111111111111111111111111111
0010000000001000000000000000000100000000000000000000000010000000
1100010000000100110111011110001111100011100000000000000000110000
0000001111110010001011101011010100011100011110111000011000110000
1100001111010100011000000101110001000000110010110101110011000100
0101100110111100000000000000100110110000111100001110111011001011
0001110101111101010111010111011001001000000100111011010100111001
1000010101001101110000010101000010000011101100100101010001011010
1110011100111100110111001110000001100011110110101000000010110000
0001100011000011001000110001111110011100001001010111111101001111
0001100011000001001000110001111010011100001001010111011101011111
0110001011001011001010011001111111111100101001010011111111101111
1001110101101110101001101011111010110010011010010100110111100100
0010011001011111011100101100111101100000010100011100111001000110
1010101101011011111000000000001001001100000010000000101110010010
0010000010111011110100100010000100110001110100000000101100001101
1111111111111111111111111111111011111111111111111111111111111111
0010000000001100000011001010000101000000100000000000010010110000
1101011111110001110100110100000110111010011111101000000101000100
1100011001001000101101001101111100001111011110010101101000011110
1100011000000010101010100000111001110111000001011110101010000100
1101010001010100011000010011000010111101111011001111101110001110
1110110001000111101110100011111101111100001010100010110001011100
1001011100011111000100010111011110101101111001100111000100100100
1111011111111110111111111110110011111111111110101101111111111110
0000100000000001000000000001001100000000000001010010000000000001
0000111000001001000001010001001100000000000001010010000010010001
1111000100001101000110000111001010000010101011011011000000100001
0001010010111001111010001000011101100011111000111000010101001010
0100100101100011100011011101101001100001111101011011001000101110
0100000001100101111001010110000110111110000110000110011111101100
0000100001010111101100001000001000111100110101110000010100001000
1111111111111100111111111111111011111111111111111111111111111111
0000000000000011000000000000000100000000100000000000000000010000
1010011101001111100011101110101101100011010000010000000011100010
0100111011111111011100010010010011001100001111100101010110001000
0110010100001011001111010111000100011101001010001000011010000100
1111000011011010011011000111010010110010111011011111000100100110
1100011000011110110111001000000000011001100111111101101000010010
0000111010001001110100110011000100111010010101110111110100100100
1110111111011100111111011111101011111111101110110000011110111011
0001000000100011000000100000010100000000010001001111100001000100
0000000001100111000010101100010101100010110001001111100011110100
1011001100111010100001100010011010001111010111101110101001000110
1000011100101010011010111011101000100000011000110111100011000010
0111001000011011110111110100110101001001110010011001100000001001
0111100110010110001001000111010110011010101011100101010111000110
1011100010111011001111101110111010000010011011110010100000101001
1111011001101100111111111110101011110000111110010000011111110111
0000100110010011000000000001010100001111000001101111100000001000
0000100110011011000100000011010101001111000001101111100000111000
1010001110011100100011001101000100101111101011101111110110000000
1101011110010011110010101101010010011111101001111101100001101000
0010100010111111101001101000011000101100111110111110111011001001
1010010011010110010101011111100101001011101100111010100111000000
0000110011000000010010111100001100110101000110110011000010111111
